00010000000001000000100000101000000000000000000000000000010000000000010000000000
00001000001001010010101010100101010101000000010010100001010010000000000000000000
00000000000000000000000000000000000000000000000000000000000000000000000000000000
10011111010010100100000101010000000000000000000000000000000000000000000000000000
10100000010000000000100100101010010100100100100000000000000000000000000000000000
00000000000000000000000000000000000000000001001001010100101001001001000000000000
01000000100000100000000000000000000000000000000000000000000000000000000000000001
00100101001001000000000000000000000000000000000000000000111110100100100000100000
10000001101000000000010010010101001010010001000000000100000010000010100000000000
00000000000000000000000000000101001000000000000000000000000000010000010101000101
01000001001010010101010100101010101000000010010100001010010000000000000000000111
00010100000100000100000100000000000000000000000000000000000000000000000000000000
11101010101001000001010001000100101000010010001000101001001001010100101010000100
00000000001001001000000000000000000000000000000000000000000000000000000000000000
00001001010101010010101010100000001001010000101001000000000000000000011100000001
01001010000001010010100101001010100101001010000000000000010010100101001001001001
00101001000000001010101000000000000000000000000000000000000000000000000000000000
00010100101010010100101010010101001010100101010000010010010101001010100101001001
00101000000010100101001010010000000000001001001010101000000000000010100101010100
00000000000000100001010000101001000000000000000000000000000010000010101000010010
10001010100010100000000000000000000000000000000000000000000000000000000000000000
00000000000000000100000100000000000000000000000000000000000000000000000000000000
00000010100000010010101001010101001010100100010101010101000000101001010010101010
10100101010101001010101010000000100101000010100100000000000000000001010101001010
00000000000000000000000000000000000000000000000000000000000000000000000000000000