00000000000000000001110000000000000000000000000000000000000000000000000000000000
01100000000000000000001000000000000000000000000000000000000000000000000000000000
01100000000000000000000100000000000000000000000000000000000000000000000000000000
00000000000000000000000000000000000000000000010000000000000000000000000000000000
00000000000000000000000001000000000000000000010000000000000000000000010000000000
00000000000000000000000001000000000000000000010000000000000000000001010000000000
00000000000000000000000000000000000000000000000000000000000000000000110000000000
00000000000000000110000010000000000000000000000000000000000000000000000000000000
00000000000000000110000000000000000000000000000000000000000000000000000000000000
00000000001110000111110000000000000000000000000100000000000000000000000000000000
00000000000000000001100000000000000000000000001010000000000000000000000000000000
00001000000000000000000000000000000000000000000100000000000000000000000000000000
00101000000000000000000001000000000011000000000000000000000000000000000000000000
00011000001000000000000001000000010000010000000000000000000000000000000000000000
00000000100100000000000001000000100000001000000000000000000000000000000000000000
00011000100100000000000000000001000000011000000000000000000000000000000000000000
00100100010000000000000000000000011111111000001000000000000000000000000000000000
00010100000000000001000000000000000000000000101000000000000000000110000000000000
00001000000000000101000000000000000000000000011000000000000000000110000000000000
00000000000000000011000000000000000000010000000000011000000000000000000000000000
00000000000000000000000000000000000001001000000000011000000000000000000000000000
00000000000000000000000000000000000001001000000000000110000000000000000000000000
00000000000000110000000000000000000000100000000000000110000000000000000000000000
00000000000000101000000000000000000000000000000000000000000000000000000000000000
00000000000000010000000000000000000000000000000000000000000000000000000000000000