00000000000000000000000000000000000000000000000000000000000000000000000000000000
00110000000010000001110000001000000000000000000000000000000000010000000000000000
00110000001010000000000000001000000000000000000000000000000001010000000000000000
00000000000110000000000000001000000000000000000000000000000000110000000000000000
00000000001110000000000000000000000000000000100000000000000000000000000000000000
00000110000000000001110000000000000000000000100000000000000000000000000000000000
00000110000000000000000000000000000000000011011000000000000000000000000000000000
00000000000000000000000000000000000000000000100000000000000001000000000000000000
00000000000110000000000000000000000000000000100000000000000101000000000000000000
00000000000110000000000000000000000000000000000000000000000011000000000000000000
00000000000001000000000000000011110000000000000000000000000000000000000000000000
00000000000000100000000000000100010000000000000000000000000000000000000000000000
00000000000000100000000000000000010000000000000000000000000000000000000000000000
00000011111111100000000000000100100000000000000000000000000000000000000000000000
00000000000000000000000000000000000000000000000000011000000000000000000000000000
00000000000000000000001000000000000000000000000000100001000000000000000000000000
00000000000000000000001000000000000000000000000000000000100000000000000000000000
00000000000000000000001000000000000000000000000011000000100000000000000000000000
00000000000000000001111111000000000000000000000001111111100000000110000000000000
00000000000000000000001000000000000000000000000000000000000000010000100000000000
00000000000000000000001000000000000000000000000000000000000000000000010000000000
00000000000000000000001000000000000001000000000000000000000000010000010000000000
00000000000000000000000000000000000101000000000000000000111000001111110000000000
00000000000000000000000000000000000011000000000000000000000000000000000000000000
00000000000000000000000000000000000000000000000000000000000000000000000000000000